0,243
0,386
0,476
0,474
0,273
0,270
42,35
10,167
10,241
10,107
10,101
10,111
10,2
10,3
11,14
11,16
11,6
11,21
9,7
9,5
9,2
9,3
8,14
8,7
8,5
8,15
37,4
37,3
37,2
37,1
37,0
36,5
36,4
36,3
36,2
36,1
36,0
34,4
34,3
34,2
34,1
34,0
33,4
33,3
33,2
33,1
32,5
32,4
32,3
32,2
32,1
30,3
30,2
30,1
20,3
20,2
20,1
19,3
19,2
19,1
12,3
12,2
12,1
11,28
11,27
11,26
11,25
11,24
11,23
11,22
11,20
11,19
11,17
11,15
11,13
11,12
11,11
11,8
11,5
11,3
11,2
11,1
10,280
10,275
10,257
10,251
10,247
10,245
10,242
10,234
10,224
10,217
10,215
10,205
10,201
10,197
10,173
10,139
10,127
10,117
18,1
